Sample	raw_total_sequences	filtered_sequences	sequences	is_sorted	1st_fragments	last_fragments	reads_mapped	reads_mapped_and_paired	reads_unmapped	reads_properly_paired	reads_paired	reads_duplicated	reads_MQ0	reads_QC_failed	non-primary_alignments	supplementary_alignments	total_length	total_first_fragment_length	total_last_fragment_length	bases_mapped	bases_mapped_(cigar)	bases_trimmed	bases_duplicated	mismatches	error_rate	average_length	average_first_fragment_length	average_last_fragment_length	maximum_length	maximum_first_fragment_length	maximum_last_fragment_length	average_quality	insert_size_average	insert_size_standard_deviation	inward_oriented_pairs	outward_oriented_pairs	pairs_with_other_orientation	pairs_on_different_chromosomes	percentage_of_properly_paired_reads_(%)	reads_mapped_percent	reads_mapped_and_paired_percent	reads_unmapped_percent	reads_properly_paired_percent	reads_paired_percent	reads_duplicated_percent	reads_MQ0_percent	reads_QC_failed_percent
AU01_markdup	246132216.0	0.0	246132216.0	1.0	123066108.0	123066108.0	244258360.0	243528416.0	1873856.0	242300218.0	246132216.0	20686675.0	22642417.0	0.0	353950.0	0.0	30220122492.0	15124922846.0	15095199646.0	29997448283.0	29605848717.0	0.0	2469747903.0	348499366.0	0.0117713	122.0	123.0	123.0	126.0	126.0	126.0	34.6	302.2	112.5	113012163.0	8275735.0	75735.0	400575.0	98.4	99.23867910082929	98.94211329085016	0.7613208991707124	98.4431140050354	100.0	8.404700260773664	9.199290270884328	0.0
AU03_markdup	159635008.0	0.0	159635008.0	1.0	79817504.0	79817504.0	158383761.0	157878160.0	1251247.0	157128604.0	159635008.0	13638873.0	15969540.0	0.0	218333.0	0.0	19535617554.0	9780092091.0	9755525463.0	19387889815.0	19113482682.0	0.0	1612554777.0	236173836.0	0.0123564	122.0	123.0	122.0	126.0	126.0	126.0	34.5	307.8	121.3	72612190.0	6035101.0	33566.0	258223.0	98.4	99.2161825807031	98.89945944689025	0.7838174192969002	98.42991582397765	100.0	8.543785708959279	10.00378313007633	0.0
AU04_markdup	127742012.0	0.0	127742012.0	1.0	63871006.0	63871006.0	126947239.0	126627564.0	794773.0	126074848.0	127742012.0	7321599.0	9170147.0	0.0	169922.0	0.0	15633856976.0	7823265921.0	7810591055.0	15539647937.0	15362966950.0	0.0	865101844.0	170759556.0	0.01111501	122.0	122.0	122.0	126.0	126.0	126.0	34.6	301.2	118.3	57971715.0	5128257.0	31816.0	181994.0	98.7	99.37782958984552	99.12757910842988	0.6221704101544917	98.69489765043	100.0	5.731551339585915	7.17864612935641	0.0
AU06_markdup	94835412.0	0.0	94835412.0	1.0	47417706.0	47417706.0	94107007.0	93795352.0	728405.0	93338924.0	94835412.0	5817537.0	8388621.0	0.0	132136.0	0.0	11601786909.0	5806958074.0	5794828835.0	11515540961.0	11360432966.0	0.0	685401781.0	141705008.0	0.01247356	122.0	122.0	122.0	126.0	126.0	126.0	34.4	309.1	121.3	43064884.0	3653625.0	31222.0	147945.0	98.4	99.23192720457628	98.90329996141104	0.7680727954237179	98.42201560741887	100.0	6.134350953207226	8.845452160844728	0.0
AU08_markdup	133151796.0	0.0	133151796.0	1.0	66575898.0	66575898.0	132032072.0	131629924.0	1119724.0	131049936.0	133151796.0	7193741.0	9961126.0	0.0	175435.0	0.0	16255951089.0	8134538157.0	8121412932.0	16122164193.0	15928168060.0	0.0	850010757.0	196300630.0	0.01232412	122.0	122.0	122.0	126.0	126.0	126.0	34.3	293.1	118.4	59579623.0	6009553.0	26996.0	198790.0	98.4	99.15906203773623	98.85703982543352	0.8409379622637609	98.42145576466727	100.0	5.402661635897123	7.481030146976013	0.0
AU09_markdup	112744444.0	0.0	112744444.0	1.0	56372222.0	56372222.0	111757456.0	111395452.0	986988.0	110868944.0	112744444.0	6687244.0	9708718.0	0.0	157298.0	0.0	13808983743.0	6911827269.0	6897156474.0	13691517888.0	13507034690.0	0.0	791491698.0	170787453.0	0.01264433	122.0	123.0	122.0	126.0	126.0	126.0	34.3	308.5	120.7	51283332.0	4210202.0	24283.0	179909.0	98.3	99.12457947816922	98.80349580685323	0.8754205218307698	98.33650339346211	100.0	5.931329086158782	8.611260702123822	0.0
AU13_markdup	131084060.0	0.0	131084060.0	1.0	65542030.0	65542030.0	130201540.0	129848278.0	882520.0	129247762.0	131084060.0	9105319.0	11736897.0	0.0	179436.0	0.0	15961903615.0	7988805999.0	7973097616.0	15857657115.0	15659644039.0	0.0	1070946206.0	187411107.0	0.01196778	121.0	122.0	122.0	126.0	126.0	126.0	34.5	290.7	119.3	58336961.0	6355042.0	33124.0	199012.0	98.6	99.3267526196549	99.05725989872452	0.6732473803451007	98.59914470149917	100.0	6.946167978013499	8.95371794251719	0.0
AU14_markdup	157904660.0	0.0	157904660.0	1.0	78952330.0	78952330.0	156970503.0	156564810.0	934157.0	155925324.0	157904660.0	6675997.0	7451221.0	0.0	205150.0	0.0	19405084572.0	9708571966.0	9696512606.0	19293107043.0	19114284662.0	0.0	800459098.0	194342587.0	0.0101674	122.0	123.0	123.0	126.0	126.0	126.0	34.6	297.5	111.7	72452909.0	5581145.0	34896.0	213455.0	98.7	99.40840441314398	99.1514816598826	0.5915955868560181	98.74649931167326	100.0	4.227865726065335	4.718810071849684	0.0
AU17_markdup	176778814.0	0.0	176778814.0	1.0	88389407.0	88389407.0	175359643.0	174806270.0	1419171.0	173983216.0	176778814.0	11365496.0	14106534.0	0.0	246672.0	0.0	21638833875.0	10831188068.0	10807645807.0	21470673063.0	21197611041.0	0.0	1347843734.0	247449473.0	0.01167346	122.0	123.0	122.0	126.0	126.0	126.0	34.5	303.9	118.8	80251122.0	6833835.0	37379.0	280799.0	98.4	99.19720527144163	98.8841739825226	0.8027947285583666	98.41858991089283	100.0	6.4292183790756745	7.979765041301838	0.0
AU20_markdup	140342100.0	0.0	140342100.0	1.0	70171050.0	70171050.0	139388912.0	139061444.0	953188.0	138404728.0	140342100.0	10180644.0	13222144.0	0.0	195524.0	0.0	17208606294.0	8612064644.0	8596541650.0	17096176879.0	16880465253.0	0.0	1209679282.0	205040557.0	0.01214662	122.0	123.0	123.0	126.0	126.0	126.0	34.5	297.9	111.9	64299416.0	4979446.0	29598.0	222262.0	98.6	99.32081107522262	99.08747553300114	0.6791889247773832	98.61953611924005	100.0	7.254162507187793	9.421366788725551	0.0
AU21_markdup	145690220.0	0.0	145690220.0	1.0	72845110.0	72845110.0	144910857.0	144613558.0	779363.0	144001562.0	145690220.0	8225557.0	9648699.0	0.0	180440.0	0.0	17885245692.0	8944428883.0	8940816809.0	17792670641.0	17614807454.0	0.0	983810837.0	204998154.0	0.01163783	122.0	123.0	123.0	126.0	126.0	126.0	34.5	290.4	108.5	66776501.0	5297345.0	29021.0	203912.0	98.8	99.46505468932644	99.26099226152586	0.5349453106735648	98.84092562973686	100.0	5.645922560896675	6.622749969078226	0.0
AU23_markdup	129386452.0	0.0	129386452.0	1.0	64693226.0	64693226.0	128682168.0	128392646.0	704284.0	127860950.0	129386452.0	6356091.0	8396105.0	0.0	158271.0	0.0	15875280268.0	7941471962.0	7933808306.0	15791269129.0	15629083648.0	0.0	757195071.0	182281916.0	0.01166299	122.0	123.0	123.0	126.0	126.0	126.0	34.4	297.8	113.8	59211610.0	4780970.0	26869.0	176874.0	98.8	99.45567407629355	99.23190876275052	0.5443259237064481	98.82097238434207	100.0	4.912485736914712	6.489168587759095	0.0
AU24_markdup	99018640.0	0.0	99018640.0	1.0	49509320.0	49509320.0	98355489.0	98101720.0	663151.0	97667326.0	99018640.0	6625886.0	9204278.0	0.0	137756.0	0.0	12093003087.0	6051250030.0	6041753057.0	12014504071.0	11862323952.0	0.0	782456083.0	146021667.0	0.0123097	122.0	122.0	122.0	126.0	126.0	126.0	34.5	287.0	113.0	44558822.0	4322739.0	18932.0	150367.0	98.6	99.33027660246596	99.07399253312306	0.6697233975340401	98.6352933144709	100.0	6.691554236656856	9.295500321959583	0.0
AU25_markdup	155022388.0	0.0	155022388.0	1.0	77511194.0	77511194.0	153713139.0	153274410.0	1309249.0	152550880.0	155022388.0	14847451.0	17021685.0	0.0	235444.0	0.0	18960801859.0	9490345390.0	9470456469.0	18806198814.0	18534490778.0	0.0	1767536682.0	233181622.0	0.01258096	122.0	122.0	122.0	126.0	126.0	126.0	34.5	272.7	102.9	69862204.0	6497395.0	29708.0	247898.0	98.4	99.15544521221025	98.87243512208056	0.8445547877897481	98.40570898701418	100.0	9.577617266481536	10.98014629990089	0.0
AU27_markdup	289097774.0	0.0	289097774.0	1.0	144548887.0	144548887.0	287070561.0	286274216.0	2027213.0	284958880.0	289097774.0	20439421.0	21061643.0	0.0	367613.0	0.0	35495303518.0	17761965862.0	17733337656.0	35254190005.0	34837599703.0	0.0	2439034527.0	405934780.0	0.0116522	122.0	123.0	123.0	126.0	126.0	126.0	34.5	314.8	119.8	133010701.0	9620055.0	67875.0	438477.0	98.6	99.29877945030458	99.02332073992379	0.701220549695412	98.56834110386474	100.0	7.070072078797812	7.285300993012835	0.0
AU28_markdup	226360854.0	0.0	226360854.0	1.0	113180427.0	113180427.0	224477609.0	223773800.0	1883245.0	222761536.0	226360854.0	16338270.0	17012062.0	0.0	301628.0	0.0	27779307732.0	13902275686.0	13877032046.0	27554937503.0	27218992121.0	0.0	1951401074.0	310958917.0	0.01142434	122.0	123.0	123.0	126.0	126.0	126.0	34.5	299.9	114.1	103493512.0	8009069.0	49018.0	335301.0	98.4	99.16803415134669	98.85711069105615	0.8319658486533188	98.40992029478737	100.0	7.217798356601005	7.515461131808594	0.0
AU29_markdup	156826172.0	0.0	156826172.0	1.0	78413086.0	78413086.0	155822357.0	155440114.0	1003815.0	154715740.0	156826172.0	9354285.0	11489517.0	0.0	208821.0	0.0	19280006882.0	9646051145.0	9633955737.0	19161016758.0	18939142985.0	0.0	1119032257.0	234015589.0	0.01235619	122.0	123.0	123.0	126.0	126.0	126.0	34.3	303.7	113.5	72428447.0	5012866.0	44402.0	234342.0	98.7	99.35991870030469	99.11618195973054	0.6400812996953085	98.65428584203407	100.0	5.964747389230415	7.326275234212821	0.0
AU30_markdup	242160826.0	0.0	242160826.0	1.0	121080413.0	121080413.0	239803877.0	238941392.0	2356949.0	237756662.0	242160826.0	22148526.0	23930776.0	0.0	340221.0	0.0	29648876886.0	14847943271.0	14800933615.0	29370651515.0	28917900497.0	0.0	2622928678.0	393583610.0	0.01361038	122.0	123.0	122.0	126.0	126.0	126.0	34.2	308.6	117.6	110421182.0	8584503.0	52080.0	412931.0	98.2	99.02670095781718	98.67053889219886	0.9732990421828178	98.18130617047036	100.0	9.14620517523342	9.882183008411111	0.0
AU33_markdup	167786574.0	0.0	167786574.0	1.0	83893287.0	83893287.0	166605133.0	166085688.0	1181441.0	165337786.0	167786574.0	10440597.0	12634098.0	0.0	221501.0	0.0	20562436489.0	10290827719.0	10271608770.0	20421675688.0	20172442512.0	0.0	1238668591.0	236887050.0	0.0117431	122.0	123.0	122.0	126.0	126.0	126.0	34.5	303.6	118.9	76378526.0	6374520.0	36347.0	253451.0	98.5	99.29586678371537	98.9862800345396	0.7041332162846355	98.54053400005652	100.0	6.222546149610278	7.529862311867694	0.0
SND04_markdup	108236372.0	0.0	108236372.0	1.0	54118186.0	54118186.0	107442610.0	107135994.0	793762.0	106820470.0	108236372.0	6489458.0	8975064.0	0.0	91212.0	0.0	13273684080.0	6642011709.0	6631672371.0	13179471170.0	13016969967.0	0.0	771915850.0	143804206.0	0.01104744	122.0	123.0	123.0	126.0	126.0	126.0	34.1	288.3	107.6	49437131.0	4010017.0	20890.0	99959.0	98.7	99.26664023808928	98.98335653748632	0.7333597619107189	98.69184270145345	100.0	5.995635182598323	8.292096117190624	0.0
SND05_markdup	78894668.0	0.0	78894668.0	1.0	39447334.0	39447334.0	78266821.0	78015318.0	627847.0	77765722.0	78894668.0	5834887.0	8203769.0	0.0	78752.0	0.0	9629995639.0	4820163764.0	4809831875.0	9555412058.0	9424676562.0	0.0	690681716.0	110547575.0	0.01172959	122.0	122.0	122.0	126.0	126.0	126.0	34.2	285.6	112.4	35377292.0	3530657.0	21955.0	77755.0	98.6	99.2041959033277	98.88541263650416	0.7958040966722871	98.56904651655293	100.0	7.395793845028918	10.398382055426103	0.0
SND06_markdup	156045576.0	0.0	156045576.0	1.0	78022788.0	78022788.0	154564075.0	154036596.0	1481501.0	153321218.0	156045576.0	17673679.0	21470557.0	0.0	247396.0	0.0	19068994344.0	9548190050.0	9520804294.0	18894138966.0	18574652005.0	0.0	2092778893.0	233337349.0	0.01256214	122.0	122.0	122.0	126.0	126.0	126.0	34.2	288.9	110.5	70529811.0	6187545.0	91139.0	209803.0	98.3	99.05059724346175	98.71256843577547	0.9494027565382565	98.25412673025731	100.0	11.325972483833825	13.759157773239275	0.0
SND10_markdup	109233558.0	0.0	109233558.0	1.0	54616779.0	54616779.0	107041411.0	106464566.0	2192147.0	105351178.0	109233558.0	14038434.0	21183810.0	0.0	411737.0	0.0	13224412137.0	6626365599.0	6598046538.0	12967713937.0	12655872100.0	0.0	1643562928.0	157288565.0	0.01242811	121.0	121.0	121.0	126.0	126.0	126.0	34.1	289.2	116.0	47937317.0	4802081.0	141043.0	351842.0	96.4	97.99315609585838	97.46507204315363	2.006843904141619	96.44579919295498	100.0	12.851759346701863	19.393133747414872	0.0
SND11_markdup	106076702.0	0.0	106076702.0	1.0	53038351.0	53038351.0	104987224.0	104602942.0	1089478.0	104150522.0	106076702.0	7299450.0	10873438.0	0.0	163577.0	0.0	12928212141.0	6470992182.0	6457219959.0	12798706688.0	12614307571.0	0.0	859617022.0	144610232.0	0.01146399	121.0	122.0	122.0	126.0	126.0	126.0	34.2	286.6	115.0	47215474.0	4893602.0	63584.0	128811.0	98.2	98.9729337550483	98.61066570489719	1.0270662449516954	98.18416300310695	100.0	6.881294254416017	10.250543045729305	0.0
SND15_markdup	129460798.0	0.0	129460798.0	1.0	64730399.0	64730399.0	128375009.0	127960716.0	1085789.0	127391626.0	129460798.0	12936400.0	16286875.0	0.0	185591.0	0.0	15856621227.0	7938667605.0	7917953622.0	15728744255.0	15484467854.0	0.0	1540567936.0	176183750.0	0.01137809	122.0	123.0	122.0	126.0	126.0	126.0	34.4	285.6	106.4	58942542.0	4805212.0	63907.0	168697.0	98.4	99.16129900574226	98.84128475710462	0.8387009942577366	98.40169994935455	100.0	9.992522987537896	12.580545811250134	0.0
SP01_markdup	216141990.0	0.0	216141990.0	1.0	108070995.0	108070995.0	214268029.0	213545532.0	1873961.0	208272782.0	216141990.0	36240345.0	43661931.0	0.0	1613213.0	0.0	26214286789.0	13144127974.0	13070158815.0	26001266080.0	25333814732.0	0.0	4210223682.0	347088106.0	0.01370058	121.0	122.0	121.0	126.0	126.0	126.0	34.4	323.4	138.7	96178408.0	8136743.0	1293606.0	1164009.0	96.4	99.13299539807142	98.79872578206576	0.8670046019285749	96.35924144123962	100.0	16.76691558174328	20.200577870130648	0.0
SP02_markdup	114503988.0	0.0	114503988.0	1.0	57251994.0	57251994.0	113761285.0	113458368.0	742703.0	113107930.0	114503988.0	12011479.0	15150733.0	0.0	92232.0	0.0	14007230201.0	7012031619.0	6995198582.0	13920541499.0	13703272581.0	0.0	1424923074.0	168740623.0	0.01231389	122.0	122.0	122.0	126.0	126.0	126.0	34.3	292.2	111.5	52177102.0	4419797.0	7974.0	124311.0	98.8	99.35137368315941	99.08682656537692	0.6486263168405978	98.78077783631431	100.0	10.490009308671414	13.231620369414557	0.0
SP03_markdup	121332646.0	0.0	121332646.0	1.0	60666323.0	60666323.0	120418097.0	120086394.0	914549.0	119736156.0	121332646.0	10284830.0	13221390.0	0.0	97505.0	0.0	14783489080.0	7401275483.0	7382213597.0	14675996136.0	14468648743.0	0.0	1210164939.0	158427125.0	0.01094968	121.0	122.0	122.0	126.0	126.0	126.0	34.4	294.6	118.1	54452209.0	5456220.0	8355.0	126413.0	98.7	99.2462465542868	98.97286341220976	0.7537534457132007	98.68420408469457	100.0	8.47655626005222	10.896811728642266	0.0
SP06_markdup	66246050.0	0.0	66246050.0	1.0	33123025.0	33123025.0	65658488.0	65397266.0	587562.0	64195884.0	66246050.0	15417834.0	17896533.0	0.0	412610.0	0.0	8025760711.0	4029348970.0	3996411741.0	7961291926.0	7707552386.0	0.0	1792431080.0	116897454.0	0.01516661	121.0	122.0	121.0	126.0	126.0	126.0	34.8	371.0	143.2	30778165.0	1379552.0	233978.0	306938.0	96.9	99.11306108062293	98.71874021168054	0.8869389193770798	96.90522529267783	100.0	23.273589897058013	27.015245437275127	0.0
SP07_markdup	72112816.0	0.0	72112816.0	1.0	36056408.0	36056408.0	71249503.0	70569758.0	863313.0	69953442.0	72112816.0	9150316.0	5600089.0	0.0	224669.0	0.0	8893624761.0	4460883657.0	4432741104.0	8792680497.0	8616825158.0	0.0	1110758885.0	120939076.0	0.01403522	123.0	124.0	123.0	126.0	126.0	126.0	33.8	348.7	123.3	34115947.0	886348.0	188541.0	94043.0	97.0	98.80282999903929	97.86021669157948	1.197170000960717	97.00556139701992	100.0	12.688890141247569	7.765733347592472	0.0
TI06_markdup	111062282.0	0.0	111062282.0	1.0	55531141.0	55531141.0	110082735.0	109751948.0	979547.0	108901312.0	111062282.0	9794365.0	14342817.0	0.0	341194.0	0.0	13254296722.0	6635596318.0	6618700404.0	13140687904.0	12927097357.0	0.0	1122697585.0	135558514.0	0.01048638	119.0	119.0	119.0	126.0	126.0	126.0	34.6	249.5	118.1	45248398.0	9248284.0	70267.0	309025.0	98.1	99.11802010335066	98.82018091434497	0.8819798966493413	98.05427192644935	100.0	8.818804029256306	12.914210604820816	0.0
TI07_markdup	95428092.0	0.0	95428092.0	1.0	47714046.0	47714046.0	94630598.0	94384634.0	797494.0	93642320.0	95428092.0	11286604.0	17019928.0	0.0	353585.0	0.0	11094044718.0	5553157174.0	5540887544.0	11003750475.0	10810595877.0	0.0	1269768715.0	129375260.0	0.01196745	116.0	116.0	116.0	126.0	126.0	126.0	34.8	198.7	98.5	34565760.0	12293932.0	42962.0	289663.0	98.1	99.16429849608646	98.90655049458601	0.8357015039135437	98.12867263446911	100.0	11.827339060703425	17.835343496126907	0.0
TI09_markdup	86535072.0	0.0	86535072.0	1.0	43267536.0	43267536.0	85806852.0	85576114.0	728220.0	85004348.0	86535072.0	9152368.0	13613758.0	0.0	271811.0	0.0	9920510643.0	4965362449.0	4955148194.0	9838469213.0	9677440450.0	0.0	1005649630.0	106567569.0	0.01101196	114.0	115.0	115.0	126.0	126.0	126.0	34.7	187.7	98.3	29505575.0	13027849.0	33694.0	220939.0	98.2	99.15846837222254	98.89182735064924	0.8415316277774634	98.23109409327122	100.0	10.576483948612188	15.732069882602051	0.0
TI21_markdup	127498534.0	0.0	127498534.0	1.0	63749267.0	63749267.0	126113149.0	125735380.0	1385385.0	125136164.0	127498534.0	8097938.0	11635874.0	0.0	223004.0	0.0	15605476323.0	7809973796.0	7795502527.0	15441345245.0	15232420507.0	0.0	960874143.0	148813769.0	0.009769542	122.0	123.0	122.0	126.0	126.0	126.0	34.5	294.5	113.0	57703363.0	4908983.0	52372.0	202972.0	98.1	98.91341103576924	98.61711821721809	1.0865889642307573	98.14713948005081	100.0	6.3513969501798355	9.126280620606979	0.0
TI22_markdup	80725526.0	0.0	80725526.0	1.0	40362763.0	40362763.0	80117794.0	79871894.0	607732.0	79544540.0	80725526.0	6688857.0	10208500.0	0.0	95456.0	0.0	9830044140.0	4921482112.0	4908562028.0	9758659803.0	9605395290.0	0.0	783695268.0	126915945.0	0.01321298	121.0	122.0	122.0	126.0	126.0	126.0	34.1	302.3	124.2	36203895.0	3600916.0	21486.0	109650.0	98.5	99.24716253939306	98.94255009251968	0.752837460606946	98.53703523715659	100.0	8.285925569565196	12.645938039474652	0.0
TI28_markdup	66144506.0	0.0	66144506.0	1.0	33072253.0	33072253.0	65593297.0	65398094.0	551209.0	65074294.0	66144506.0	10287767.0	15279130.0	0.0	143128.0	0.0	7545384022.0	3780760951.0	3764623071.0	7484008753.0	7338710178.0	0.0	1126292010.0	114675774.0	0.01562615	114.0	114.0	114.0	126.0	126.0	126.0	34.5	179.5	90.5	22358361.0	10199726.0	18039.0	122921.0	98.4	99.16665943502548	98.87154346575663	0.833340564974512	98.38200923293614	100.0	15.55347166701948	23.099620700168206	0.0
TI34_markdup	121097240.0	0.0	121097240.0	1.0	60548620.0	60548620.0	120398528.0	120116152.0	698712.0	119756944.0	121097240.0	9926983.0	12972650.0	0.0	121202.0	0.0	14607187597.0	7309561113.0	7297626484.0	14525404488.0	14348265742.0	0.0	1159567019.0	147055287.0	0.01024899	120.0	121.0	121.0	126.0	126.0	126.0	34.6	252.0	109.5	51485068.0	8427307.0	15558.0	130143.0	98.9	99.42301575163893	99.18983454949097	0.5769842483610691	98.89320681462269	100.0	8.197530348338244	10.712589320780557	0.0
TI35_markdup	113175308.0	0.0	113175308.0	1.0	56587654.0	56587654.0	112368991.0	112048518.0	806317.0	111743580.0	113175308.0	9585038.0	12150680.0	0.0	94808.0	0.0	13744777183.0	6879792745.0	6864984438.0	13649246635.0	13466356772.0	0.0	1126919388.0	152024116.0	0.01128918	121.0	122.0	121.0	126.0	126.0	126.0	34.3	265.2	110.4	49523285.0	6381666.0	11203.0	108105.0	98.7	99.28755042575187	99.00438530284362	0.7124495742481214	98.73494667229004	100.0	8.469195418491815	10.73615810261369	0.0
TI36_markdup	83077828.0	0.0	83077828.0	1.0	41538914.0	41538914.0	82503706.0	82290464.0	574122.0	81987362.0	83077828.0	8006984.0	11087819.0	0.0	87382.0	0.0	10133434314.0	5073170439.0	5060263875.0	10066291332.0	9913141629.0	0.0	941932023.0	119422348.0	0.01204687	121.0	122.0	122.0	126.0	126.0	126.0	34.4	286.9	112.0	37479547.0	3545760.0	17143.0	102782.0	98.7	99.30893474971445	99.05225736041149	0.6910652502855514	98.68741633447615	100.0	9.637931314237056	13.34630342045052	0.0
TI37_markdup	167397546.0	0.0	167397546.0	1.0	83698773.0	83698773.0	166003336.0	165423236.0	1394210.0	164726084.0	167397546.0	18884514.0	22804894.0	0.0	194733.0	0.0	20445673337.0	10238362999.0	10207310338.0	20281753896.0	19941977799.0	0.0	2237969094.0	243161992.0	0.01219347	122.0	122.0	122.0	126.0	126.0	126.0	34.3	296.0	115.8	75655086.0	6782635.0	40276.0	233621.0	98.4	99.16712638069379	98.82058605566417	0.8328736193062233	98.40412116913589	100.0	11.281237061862305	13.623194930229143	0.0
TI38_markdup	135972566.0	0.0	135972566.0	1.0	67986283.0	67986283.0	134753924.0	134305624.0	1218642.0	133685720.0	135972566.0	15091104.0	19060215.0	0.0	177617.0	0.0	16611887633.0	8320021073.0	8291866560.0	16469320379.0	16183072976.0	0.0	1781210793.0	201675861.0	0.01246215	122.0	122.0	122.0	126.0	126.0	126.0	34.3	306.3	118.2	61821179.0	5082636.0	55297.0	193700.0	98.3	99.1037589156036	98.77406005561446	0.8962410843963922	98.31815632574	100.0	11.098638823952179	14.017691627589054	0.0
TI39_markdup	111309966.0	0.0	111309966.0	1.0	55654983.0	55654983.0	110306989.0	109974074.0	1002977.0	109242206.0	111309966.0	10169924.0	14747648.0	0.0	235270.0	0.0	13595188737.0	6807138756.0	6788049981.0	13477696966.0	13257520430.0	0.0	1201028399.0	154408983.0	0.0116469	122.0	122.0	122.0	126.0	126.0	126.0	34.3	298.6	117.0	50367344.0	4307937.0	83345.0	228411.0	98.1	99.09893333360644	98.79984511000569	0.9010666663935555	98.14234064180741	100.0	9.136579917740699	13.249171237730861	0.0
TI40_markdup	104014788.0	0.0	104014788.0	1.0	52007394.0	52007394.0	103161784.0	102833552.0	853004.0	102432384.0	104014788.0	7256747.0	10348915.0	0.0	127833.0	0.0	12675343384.0	6343838381.0	6331505003.0	12574262647.0	12407094198.0	0.0	856123531.0	138418941.0	0.01115644	121.0	122.0	122.0	126.0	126.0	126.0	34.3	281.3	112.8	46268978.0	4982201.0	36148.0	129449.0	98.5	99.17992045515682	98.86435763345497	0.8200795448431812	98.47867401316051	100.0	6.976649320287034	9.949465070293659	0.0
TI41_markdup	138237064.0	0.0	138237064.0	1.0	69118532.0	69118532.0	137129140.0	136699172.0	1107924.0	136197306.0	138237064.0	13943474.0	17301761.0	0.0	141852.0	0.0	16895095753.0	8457910220.0	8437185533.0	16764831631.0	16499400757.0	0.0	1647869373.0	195312478.0	0.01183755	122.0	122.0	122.0	126.0	126.0	126.0	34.3	303.5	117.8	62836948.0	5317260.0	25444.0	169934.0	98.5	99.19853332533162	98.88749662680915	0.8014666746683798	98.52444927505115	100.0	10.086639282211607	12.516007284413968	0.0
TI44_markdup	112781446.0	0.0	112781446.0	1.0	56390723.0	56390723.0	111370458.0	110987958.0	1410988.0	110300712.0	112781446.0	10973727.0	15268198.0	0.0	267579.0	0.0	13751926988.0	6883144555.0	6868782433.0	13585560768.0	13371898827.0	0.0	1302431684.0	133596712.0	0.009990856	121.0	122.0	122.0	126.0	126.0	126.0	34.5	251.5	93.1	50033849.0	5166951.0	63466.0	229713.0	97.8	98.74891832828602	98.40976679798909	1.2510816717139803	97.8004059284716	100.0	9.730081843426621	13.537863311310977	0.0
TI46_markdup	57140116.0	0.0	57140116.0	1.0	28570058.0	28570058.0	56576815.0	56424046.0	563301.0	55915412.0	57140116.0	10341343.0	10901171.0	0.0	178237.0	0.0	6960013231.0	3490327212.0	3469686019.0	6896326099.0	6750298320.0	0.0	1228383195.0	66877212.0	0.009907298	121.0	122.0	121.0	126.0	126.0	126.0	35.3	310.9	118.0	26467301.0	1524333.0	77222.0	143167.0	97.9	99.0141759600208	98.74681738482995	0.9858240399791978	97.85666518422889	100.0	18.09821842153768	19.077964419953226	0.0
TI48_markdup	46579684.0	0.0	46579684.0	1.0	23289842.0	23289842.0	46013590.0	45781396.0	566094.0	43463880.0	46579684.0	11986836.0	17486194.0	0.0	727749.0	0.0	5562842062.0	2799106746.0	2763735316.0	5501284936.0	5237884238.0	0.0	1366788961.0	106375086.0	0.02030879	119.0	120.0	119.0	126.0	126.0	126.0	34.3	406.2	163.5	20702509.0	1098534.0	584866.0	504789.0	93.3	98.78467616912128	98.28618845932918	1.2153238308787153	93.31080906431224	100.0	25.734043193594875	37.540387779358916	0.0
bSteHir1_markdup	741999534.0	0.0	741999534.0	1.0	370999767.0	370999767.0	730389646.0	723707192.0	11609888.0	451978894.0	741999534.0	154488279.0	46825515.0	0.0	105966672.0	0.0	91569456927.0	45929364392.0	45640092535.0	90220966945.0	80239860759.0	0.0	18950633011.0	2627774375.0	0.03274899	123.0	124.0	123.0	125.0	125.0	125.0	38.8	2180.9	3276.8	238475406.0	31371935.0	44023993.0	47982262.0	60.9	98.43532408471836	97.53472324957013	1.5646759152816394	60.91363582985754	100.0	20.82053585225028	6.310720270614079	0.0
