Sample	Samtools_mqc-generalstats-samtools-error_rate	Samtools_mqc-generalstats-samtools-non_primary_alignments	Samtools_mqc-generalstats-samtools-reads_mapped	Samtools_mqc-generalstats-samtools-reads_mapped_percent	Samtools_mqc-generalstats-samtools-reads_properly_paired_percent	Samtools_mqc-generalstats-samtools-reads_MQ0_percent	Samtools_mqc-generalstats-samtools-raw_total_sequences	mosdepth_mqc-generalstats-mosdepth-10_x_pc	mosdepth_mqc-generalstats-mosdepth-1_x_pc	mosdepth_mqc-generalstats-mosdepth-30_x_pc	mosdepth_mqc-generalstats-mosdepth-50_x_pc	mosdepth_mqc-generalstats-mosdepth-5_x_pc	mosdepth_mqc-generalstats-mosdepth-mean_coverage	mosdepth_mqc-generalstats-mosdepth-median_coverage
AU01_markdup	0.0117713	353950.0	244258360.0	99.23867910082929	98.4431140050354	9.199290270884328	246132216.0							
AU01_markdup_markdup								95.0	100.0	10.0	0	99.0	22.55	21
AU03_markdup	0.0123564	218333.0	158383761.0	99.2161825807031	98.42991582397765	10.00378313007633	159635008.0							
AU03_markdup_markdup								83.0	98.0	1.0	0	97.0	14.55	14
AU04_markdup	0.01111501	169922.0	126947239.0	99.37782958984552	98.69489765043	7.17864612935641	127742012.0							
AU04_markdup_markdup								69.0	98.0	0	0	96.0	12.03	11
AU06_markdup	0.01247356	132136.0	94107007.0	99.23192720457628	98.42201560741887	8.845452160844728	94835412.0							
AU06_markdup_markdup								34.0	98.0	0	0	88.0	8.86	8
AU08_markdup	0.01232412	175435.0	132032072.0	99.15906203773623	98.42145576466727	7.481030146976013	133151796.0							
AU08_markdup_markdup								70.0	100.0	0	0	96.0	12.51	12
AU09_markdup	0.01264433	157298.0	111757456.0	99.12457947816922	98.33650339346211	8.611260702123822	112744444.0							
AU09_markdup_markdup								53.0	98.0	0	0	93.0	10.56	10
AU13_markdup	0.01196778	179436.0	130201540.0	99.3267526196549	98.59914470149917	8.95371794251719	131084060.0							
AU13_markdup_markdup								66.0	100.0	0	0	95.0	12.11	11
AU14_markdup	0.0101674	205150.0	156970503.0	99.40840441314398	98.74649931167326	4.718810071849684	157904660.0							
AU14_markdup_markdup								87.0	98.0	1.0	0	97.0	15.18	15
AU17_markdup	0.01167346	246672.0	175359643.0	99.19720527144163	98.41858991089283	7.979765041301838	176778814.0							
AU17_markdup_markdup								90.0	98.0	1.0	0	97.0	16.48	16
AU20_markdup	0.01214662	195524.0	139388912.0	99.32081107522262	98.61953611924005	9.421366788725551	140342100.0							
AU20_markdup_markdup								74.0	98.0	1.0	0	96.0	13.02	12
AU21_markdup	0.01163783	180440.0	144910857.0	99.46505468932644	98.84092562973686	6.622749969078226	145690220.0							
AU21_markdup_markdup								79.0	100.0	0	0	97.0	13.79	13
AU23_markdup	0.01166299	158271.0	128682168.0	99.45567407629355	98.82097238434207	6.489168587759095	129386452.0							
AU23_markdup_markdup								72.0	98.0	0	0	96.0	12.33	12
AU24_markdup	0.0123097	137756.0	98355489.0	99.33027660246596	98.6352933144709	9.295500321959583	99018640.0							
AU24_markdup_markdup								38.0	98.0	0	0	89.0	9.20	8
AU25_markdup	0.01258096	235444.0	153713139.0	99.15544521221025	98.40570898701418	10.98014629990089	155022388.0							
AU25_markdup_markdup								77.0	98.0	1.0	0	96.0	13.94	13
AU27_markdup	0.0116522	367613.0	287070561.0	99.29877945030458	98.56834110386474	7.285300993012835	289097774.0							
AU27_markdup_markdup								97.0	98.0	28.000000000000004	1.0	97.0	26.91	26
AU28_markdup	0.01142434	301628.0	224477609.0	99.16803415134669	98.40992029478737	7.515461131808594	226360854.0							
AU28_markdup_markdup								94.0	100.0	7.000000000000001	0	99.0	20.98	20
AU29_markdup	0.01235619	208821.0	155822357.0	99.35991870030469	98.65428584203407	7.326275234212821	156826172.0							
AU29_markdup_markdup								85.0	98.0	1.0	0	97.0	14.79	14
AU30_markdup	0.01361038	340221.0	239803877.0	99.02670095781718	98.18130617047036	9.882183008411111	242160826.0							
AU30_markdup_markdup								95.0	100.0	9.0	0	99.0	21.87	21
AU33_markdup	0.0117431	221501.0	166605133.0	99.29586678371537	98.54053400005652	7.529862311867694	167786574.0							
AU33_markdup_markdup								89.0	98.0	1.0	0	97.0	15.72	15
SND04_markdup	0.01104744	91212.0	107442610.0	99.26664023808928	98.69184270145345	8.292096117190624	108236372.0							
SND04_markdup_markdup								49.0	100.0	0	0	91.0	10.17	9
SND05_markdup	0.01172959	78752.0	78266821.0	99.2041959033277	98.56904651655293	10.398382055426103	78894668.0							
SND05_markdup_markdup								19.0	98.0	0	0	75.0	7.26	7
SND06_markdup	0.01256214	247396.0	154564075.0	99.05059724346175	98.25412673025731	13.759157773239275	156045576.0							
SND06_markdup_markdup								66.0	98.0	1.0	0	90.0	13.73	12
SND10_markdup	0.01242811	411737.0	107041411.0	97.99315609585838	96.44579919295498	19.393133747414872	109233558.0							
SND10_markdup_markdup								23.0	65.0	10.0	3.0	32.0	9.18	1
SND11_markdup	0.01146399	163577.0	104987224.0	98.9729337550483	98.18416300310695	10.250543045729305	106076702.0							
SND11_markdup_markdup								38.0	98.0	0	0	85.0	9.76	8
SND15_markdup	0.01137809	185591.0	128375009.0	99.16129900574226	98.40169994935455	12.580545811250134	129460798.0							
SND15_markdup_markdup								52.0	98.0	1.0	0	78.0	11.61	10
SP01_markdup	0.01370058	1613213.0	214268029.0	99.13299539807142	96.35924144123962	20.200577870130648	216141990.0							
SP01_markdup_markdup								86.0	100.0	3.0	0	98.0	17.71	15
SP02_markdup	0.01231389	92232.0	113761285.0	99.35137368315941	98.78077783631431	13.231620369414557	114503988.0							
SP02_markdup_markdup								48.0	98.0	0	0	93.0	10.23	9
SP03_markdup	0.01094968	97505.0	120418097.0	99.2462465542868	98.68420408469457	10.896811728642266	121332646.0							
SP03_markdup_markdup								56.99999999999999	98.0	0	0	94.0	11.03	10
SP06_markdup	0.01516661	412610.0	65658488.0	99.11306108062293	96.90522529267783	27.015245437275127	66246050.0							
SP06_markdup_markdup								8.0	89.0	0	0	39.0	4.98	3
SP07_markdup	0.01403522	224669.0	71249503.0	98.80282999903929	97.00556139701992	7.765733347592472	72112816.0							
SP07_markdup_markdup								10.0	99.0	0	0	68.0	6.25	6
TI06_markdup	0.01048638	341194.0	110082735.0	99.11802010335066	98.05427192644935	12.914210604820816	111062282.0							
TI06_markdup_markdup								33.0	97.0	2.0	0	68.0	9.81	7
TI07_markdup	0.01196745	353585.0	94630598.0	99.16429849608646	98.12867263446911	17.835343496126907	95428092.0							
TI07_markdup_markdup								27.0	92.0	1.0	0	48.0	7.93	4
TI09_markdup	0.01101196	271811.0	85806852.0	99.15846837222254	98.23109409327122	15.732069882602051	86535072.0							
TI09_markdup_markdup								20.0	95.0	1.0	0	54.0	7.20	5
TI21_markdup	0.009769542	223004.0	126113149.0	98.91341103576924	98.14713948005081	9.126280620606979	127498534.0							
TI21_markdup_markdup								50.0	98.0	2.0	0	86.0	11.85	10
TI22_markdup	0.01321298	95456.0	80117794.0	99.24716253939306	98.53703523715659	12.645938039474652	80725526.0							
TI22_markdup_markdup								23.0	97.0	0	0	70.0	7.34	7
TI28_markdup	0.01562615	143128.0	65593297.0	99.16665943502548	98.38200923293614	23.099620700168206	66144506.0							
TI28_markdup_markdup								12.0	87.0	0	0	37.0	5.17	3
TI34_markdup	0.01024899	121202.0	120398528.0	99.42301575163893	98.89320681462269	10.712589320780557	121097240.0							
TI34_markdup_markdup								55.00000000000001	100.0	0	0	92.0	10.95	10
TI35_markdup	0.01128918	94808.0	112368991.0	99.28755042575187	98.73494667229004	10.73615810261369	113175308.0							
TI35_markdup_markdup								49.0	98.0	0	0	93.0	10.26	9
TI36_markdup	0.01204687	87382.0	82503706.0	99.30893474971445	98.68741633447615	13.34630342045052	83077828.0							
TI36_markdup_markdup								19.0	98.0	0	0	77.0	7.47	7
TI37_markdup	0.01219347	194733.0	166003336.0	99.16712638069379	98.40412116913589	13.623194930229143	167397546.0							
TI37_markdup_markdup								76.0	100.0	1.0	0	96.0	14.76	13
TI38_markdup	0.01246215	177617.0	134753924.0	99.1037589156036	98.31815632574	14.017691627589054	135972566.0							
TI38_markdup_markdup								57.99999999999999	99.0	1.0	0	86.0	12.00	11
TI39_markdup	0.0116469	235270.0	110306989.0	99.09893333360644	98.14234064180741	13.249171237730861	111309966.0							
TI39_markdup_markdup								38.0	98.0	1.0	0	70.0	10.03	7
TI40_markdup	0.01115644	127833.0	103161784.0	99.17992045515682	98.47867401316051	9.949465070293659	104014788.0							
TI40_markdup_markdup								41.0	100.0	0	0	86.0	9.59	9
TI41_markdup	0.01183755	141852.0	137129140.0	99.19853332533162	98.52444927505115	12.516007284413968	138237064.0							
TI41_markdup_markdup								67.0	98.0	0	0	95.0	12.37	11
TI44_markdup	0.009990856	267579.0	111370458.0	98.74891832828602	97.8004059284716	13.537863311310977	112781446.0							
TI44_markdup_markdup								32.0	94.0	6.0	1.0	57.99999999999999	10.03	6
TI46_markdup	0.009907298	178237.0	56576815.0	99.0141759600208	97.85666518422889	19.077964419953226	57140116.0							
TI46_markdup_markdup								11.0	84.0	0	0	33.0	4.61	3
TI48_markdup	0.02030879	727749.0	46013590.0	98.78467616912128	93.31080906431224	37.540387779358916	46579684.0							
TI48_markdup_markdup								3.0	75.0	0	0	18.0	3.28	2
bSteHir1_markdup	0.03274899	105966672.0	730389646.0	98.43532408471836	60.91363582985754	6.310720270614079	741999534.0							
bSteHir1_markdup_markdup								98.0	99.0	91.0	54.0	99.0	52.80	51
